7
2 3 1 2 4 3

4
1 4 4

11
1 1 1 1 1 1 1 1 1

11
1 2 3 4 5

15
1 2 3 4 5

91190
6375 9453 2624 5664 4425 3835 9999 836 7789 7984 2597 3217 1185 6846 2803 9280 9637 5571 1504 2495 8585 7165 5328 3585 1534 1607 4527 9004 4861 1819 2539 9332 6345 1923 2995 2551 2891 7604 3507 3301 2885 4328 6659 627 8598 8855 1105 2421 2374 7060 6155 2787 6399 6395 8561 7235 2687 5722 1969 8470 8178 4973 7368 7937 3177 8060 6918 475 3333 5498 2673 4938 2488 9938 4967 9449 9988 8024 787 1710 1422 5803 6627 1642 4604 3617 5346 9158 7920 4557 1200 8961 5313 2945 1170 9834 5322 4767 9049 2685 7196 5563 3874 287 50 8956 835 9919 2561 5281 7383 8166 9325 4891 6695 8081 2174 3209 2009 6265 4227 955 7717 4305 7797 8260 4799 6006 7518 2286 8153 9172 5997 1242 1708 3877 935 1201 7073 7296 4100 2361 6916 1955 1685 3023 499 5329 9467 7219 2436 4355 9370 874 518 7449 1087 1075 4475 9942 6770 9506 6755 2701 950 2813 221 4152 674 4776 3089 6314 2065 277 3500 3208 2304 468 3079 9789 5543 6299 7389 3159 9000 1904 3623 5057 6096 7365 815 1404 6738 64 5172 7033 8935 2666 9642 6517 6288 9670 1190 7107 4293 9170 9783 8759 3329 4836 5426 6736 7725 8013 6507 8545 3230 6404 1128 234 3434 2352 4921 6858 140 3425 1247 2298 3093 1954 9980 9191 1307 4803 1880 8522 1403 7598 132 3094 7218 8539 1225 5843 9910 448 8840 5187 1496 7373 8342 2072 8931 2565 2911 5925 1973 3506 569 8992 3834 1375 7938 8455 4691 4266 6125 1220 8687 2372 8675 9067 2289 8265 374 7062 5256 6315 5515 2630 1698 1628 6926 6804 8567 6576 4552 4210 564 1372 1602 8277 20 255 4376 4440 9334 6047 8135 4138 4561 7612 8983 9573 9888 1559 5304 5763 9028 6170 2434 5892 1192 9122 1737 9236 461 2801 2629 8466 509 5010 1000 2598 9144 8794 4156 4630 7191 7283 7542 4846 7956 4389 7551 9167 4930 4759 3576 4165 9818 6721 5457 2789 8102 2026 2030 3605 3307 4651 1836 2980 6943 6418 2602 9428 7324 6369 6233 8472 227 485 5590 7648 6664 5039 5236 6280 3547 3129 314 1706 1321 1814 4104 26 4285 2796 2359 2745 9675 9909 3509 7217 6726 2751 8951 1529 5687 6440 8336 9595 7506 9571 8721 786 5752 7723 304 5956 9760 1124 5989 3955 8202 7044 2273 6819 9973 9799 8008 8291 136 6403 226 7593 6094 6542 9809 2523 3922 5838 1228 742 5009 1756 8204 8688 4365 7348 5770 6084 715 6779 2348 3149 5578 3586 1367 7172 2482 4854 1423 4964 7391 2986 6914 6924 2442 3804 5387 443 2683 3499 4894 7746 8814 7372 1131 38 6191 2894 643 1641 8221 714 1582 9621 2909 8063 5432 1230 9498 9451 6506 2660 5991 1433 6837 2893 4717 7912 6196 4864 9076 659 2710 9107 4451 7546 6029 1740 7890 5180 51 1530 4282 2870 5423 1717 6362 9767 8943 5131 1709 1773 4681 8150 1840 1194 6675 8963 1498 7058 6620 4810 3844 1979 4602 2051 1387 6408 2197 4024 3545 660 5881 1694 2874 8622 9475 3289 620 6971 7686 6026 8650 43 7474 4817 9808 2772 841 7504 1255 4675 6514 7140 5764 2502 6246 1619 3467 6902 2328 7764 336 9168 282 3836 407 5340 1067 2563 9981 1226 2130 4695 3606 2266 8783 8167 1066 7982 1998 2177 9059 4420 4272 5496 8329 6814 1997 4711 7858 2250 1300 7108 6416 1157 4441 3847 5228 6117 3618 6683 3162 818 2400 7354 4872 1410 2684 1011 2270 425 1137 5904 4637 8343 5129 2288 3692 3881 8656 2425 6228 4067 6561 3469 2423 9197 5035 6257 7697 105 6931 3462 2738 7409 8578 9539 6498 7894 9977 2474 8987 1981 5957 4083 6201 929 9992 6598 3360 9603 2311 5030 3540 9178 5654 8195 1127 3529 3489 3036 411 5271 4821 7742 7825 8078 5155 360 4171 8327 6777 6820 8851 3974 8593 1483 6357 7579 4718 6301 5481 4758 9149 7306 5676 8041 5743 1543 5656 5285 1907 8309 2595 7015 7164 5050 6533 215 5868 865 8431 6962 2159 7961 636 1829 6872 3622 9213 6271 1313 3127 8432 4222 9985 9406 1402 8068 7416 156 330 5701 4402 5145 7756 7782 5878 2290 6524 1732 5771 7213 5458 9164 1115 4447 4188 2839 3944 8378 1397 4724 3933 2055 6432 2562 6241 1164 3092 2458 632 1342 3083 1204 9913 1544 1934 6042 8841 8111 32 7028 7904 5584 9736 759 449 2068 8295 9652 952 7914 8531 3924 5651 7525 4101 8816 7741 2707 1499 6937 3492 1645 2993 6657

1030053
6336 1473 3797 9692 4499 7123 3051 8308 2858 7762 2901 198 397 130 4185 2695 5367 181 6793 758 8169 1397 9835 2162 5834 2809 4503 5919 2337 4628 5303 9096 3672 4237 81 7002 5466 5102 540 2047 2799 4624 8022 5158 4718 9808 2009 5510 7647 6765 8104 1478 5217 3392 5939 9230 4986 9017 9464 6310 2327 8103 2542 3406 3953 9257 2685 3273 7115 4992 7751 4956 2071 7370 9980 8790 9762 7380 5867 3670 7302 5869 6024 2430 9281 3964 6891 1826 2315 4350 7927 1172 946 9615 529 4269 852 3421 4594 3561 3963 4304 2083 8394 7408 9966 1748 3234 5153 4096 6290 3865 9948 4457 6061 1255 2883 4067 9446 1780 1445 8101 3665 6705 2948 8334 5553 2027 7171 8508 5762 7000 5271 890 6410 6404 4873 4580 4516 8315 381 8681 1787 4254 6862 6507 8006 4572 1112 3209 9150 4691 2864 8552 2666 1002 3304 8773 7758 7371 1771 1633 2065 9410 9318 8685 9445 1493 68 4888 6120 1990 1191 4023 7521 3364 2297 3164 1644 3541 9459 4653 120 7898 7970 1421 6197 2717 8377 9728 7847 2428 3298 5583 3072 1960 7141 7880 8088 3565 7481 6987 1553 6213 5033 4886 9646 2524 6125 5986 4190 851 7983 8884 5343 6533 1498 9112 7106 1260 2608 8375 8429 6100 2449 7770 3327 4741 7543 3252 8341 8608 4295 5296 9137 2902 1654 2409 919 2609 2017 4920 9404 8244 2840 9995 2805 6277 8876 9748 4793 7119 6860 54 5956 5106 7300 5506 9731 5274 4352 9218 7170 7952 981 5060 9643 462 8610 6966 5876 9116 2961 5823 9511 3124 8119 3186 6164 9707 8560 6297 4339 2452 991 982 5264 1723 1798 7154 114 465 2988 4626 4141 9199 4924 7626 9461 3987 8819 2390 4839 6685 7703 7235 5390 4342 9959 2803 6291 9233 3564 7839 6359 7349 8280 3214 8784 2616 9249 721 8533 4228 8630 439 4273 7379 1734 6653 5805 3369 2286 4858 1924 7921 3923 5967 6244 6484 8958 9689 5134 2034 9349 1689 9044 8048 5643 7832 6617 6094 8716 514 8706 1969 7545 582 7508 2424 1852 3295 2598 9626 768 6118 8271 7318 2426 9417 4240 4158 6465 2753 8694 1718 7553 6938 9750 74 2051 8370 6339 8110 566 2733 5188 7346 8299 6095 9144 2381 3973 4630 9700 6687 2281 2893 8496 1033 6405 1801 6084 717 8651 2405 494 4148 372 579 4699 6700 5886 6133 3869 4354 3704 4117 2626 4739 5298 7098 7548 2205 8021 9436 8414 4289 8983 9564 4442 6303 6984 3553 8380 4377 1902 143 4080 7513 4971 6743 5882 1719 1646 5178 1293 3652 1087 1270 6283 6271 3707 8627 6217 3562 2334 8917 1868 8747 8042 3775 356 1681 7501 6227 9340 5082 8518 5001 2701 2594 5252 1516 7709 6020 5161 1503 2788 2958 3630 2330 5446 4449 897 7551 7175 1117 1196 1004 7104 9973 4802 947 7956 7185 2568 8054 9672 6129 8255 4123 6910 8595 528 200 1750 6458 4502 8125 4181 8940 7669 280 7924 5540 9793 8423 9312 4929 9174 1177 5391 3423 8025 2064 7215 1837 4192 9969 2821 7203 4939 107 8640 4182 7999 1776 3061 4428 2318 9107 1263 9677 7865 5992 3637 125 4762 321 247 950 2266 8665 1351 6046 5483 9727 9862 9667 2372 4231 9314 5376 9375 9103 8167 3447 8437 7448 4504 8698 3031 2237 2610 3263 1249 7434 4607 6311 4169 2841 7655 4051 9449 4678 1300 7619 2464 885 2292 1321 2713 1876 2002 5472 8451 2653 3182 3518 6681 9947 3445 7984 8123 4235 4870 1308 240 1554 6595 1404 6051 3861 4985 509 8606 1040 569 9432 1101 8650 424 6476 1476 5827 8676 129 464 6846 3920 8808 7117 2461 2599 2842 3109 3792 6651 2726 7686 3434 8914 9380 1286 3335 1028 6341 1908 36 9160 6254 477 2436 7090 5587 7764 4616 2892 3795 8013 7172 9373 1036 4338 2816 3728 9765 4078 3799 4386 7860 5772 750 6709 2839 1482 147 3493 2880 8321 9423 2575 1721 3853 4196 2640 7792 1489 1366 1367 3047 8893 1769 8461 915 8166 4308 2371 8477 5438 6920 1547 1354 4568 8285 2163 7423 8674 7223 5056 9811 2675 2056 7901 8465 5531 4491 9010 238 7082 4725 2725 4233 7178 9197 3058 9048 8615 7752 2909 7291 4818 959 7199 767 957 4687 5132 3318 7929 9673 7397 8901 1343 4340 93 89 8673 3123 4545 9565 6207 5025 9238 4988 4369 5152 5184 2394 1180 9758 5996 9754 1048 6786 7557 2186 5750 9979 352 6431 7854 9586 1414 9338 7665 5712 6869 5742 3019 530 371 6106 4666 756 816 4965 1460 9592 7310 3279 9992 7168 3536 4035 9126 1976 5874 5206 3717 5302 422 152 1577 6239 2383 961 8831 9719 5884 580 2763 3442 4086 4884 449 6042 1000 8908 5524 4481 3363 9268 1936 5473 670 6324

713857
5949 9161 9811 6482 881 5181 2328 4650 3103 9054 3874 6447 4146 9827 6509 6257 9045 7473 5956 395 2812 4211 953 1966 7447 8821 4910 3898 2517 8799 5655 8013 7211 4598 8887 1256 6267 3746 6254 7892 7925 2243 629 706 4058 93 228 8070 6181 8462 979 2404 7130 1415 9898 887 1533 3981 8122 2414 980 9014 445 2992 2047 6833 2696 4152 7336 6950 6851 7392 8468 2083 4290 8682 5611 4310 1324 6018 7830 8034 5393 8315 3507 4327 302 9789 8318 9947 5373 3379 5953 5304 2862 4379 6122 5342 5048 1557 9886 4851 235 276 97 2355 8978 1165 5909 9433 8743 8703 1645 6151 3617 465 2930 3485 3774 8378 4277 5525 4940 3005 3323 4260 7068 7699 9001 5169 5592 8987 9971 540 4840 912 8064 7364 9167 306 4738 862 5211 1228 5783 1479 6487 9844 4973 4694 9278 6899 3495 3386 7027 1108 8762 6001 7292 863 2340 2312 4457 9341 4101 6829 2739 69 7694 417 7888 8041 3691 4038 2728 3403 4182 7480 5918 4235 3768 4748 4408 5156 6641 5098 4561 4894 7455 5543 3682 744 246 8099 4886 132 9308 7713 5470 1222 1292 1986 7011 7360 2987 5274 4634 7319 51 2063 6503 5734 6695 5856 2472 6770 7441 1928 6144 3151 3911 616 8140 2411 4478 7440 1609 892 5796 8351 5711 9321 1237 9382 6559 1927 5951 1579 7002 7937 8858 2276 8779 3111 7362 6380 5273 7446 3217 6168 7617 7871 6224 750 1891 2397 2803 5007 8048 8630 9999 954 6547 9318 2016 1558 5904 3121 2694 6746 3047 7078 6188 5529 8989 4673 3477 1407 4467 6416 2529 5774 9208 7386 6265 813 4543 2292 9528 8651 1924 1636 6076 7959 5803 35 5922 3225 9469 2515 4732 91 4066 17 6817 6403 6588 168 8460 2544 6166 4627 8867 2122 7420 9902 2114 7489 5801 1202 5582 2595 890 8794 9906 9759 7253 8002 9888 3107 3585 1795 6951 6738 176 8151 2691 6659 6541 4014 420 6934 2118 2553 4517 371 3112 6218 2379 4767 1076 8876 8030 5142 8649 6245 9735 7355 4258 2069 2656 9361 2015 8759 4631 13 8538 9531 3061 7773 8242 2184 2860 8995 1143 7109 4426 7860 22 3101 7952 2705 1714 2038 369 8336 6023 4361 9829 1282 3439 9598 1478 6112 3672 6356 1534 4131 832 5346 569 2476 9396 9127 3759 3642 1481 4854 1321 160 3592 9158 3129 9144 6682 2280 227 3341 7753 635 3886 8641 4468 723 5536 7862 4961 8547 7297 6398 3298 3862 8052 1702 3223 5651 8954 1492 2014 6163 5139 3634 9226 3741 1586 5281 7331 5459 6847 9251 5135 729 6184 311 2154 7973 2039 2726 8584 9122 254 4929 183 2018 9238 7289 535 6779 8456 9324 3836 6325 2022 6948 7040 7685 9125 415 5186 823 5713 21 5514 8896 5359 6863 4733 4827 8974 9543 1297 8503 9714 1885 4264 6605 6725 6766 9951 3200 8101 4721 7268 2350 7960 6647 5754 6774 7423 4072 2914 4224 7124 8730 9719 1874 5323 4493 9807 8517 6170 209 7985 6146 7120 4679 7978 7613 3370 5439 1498 4878 8533 8579 9838 4459 4067 1250 491 970 2611 720 3975 7377 312 7930 6908 8683 3468 5200 7958 3732 3588 63 1178 7539 4172 999 7271 5892 7894 319 4447 2017 4605 512 2110 7855 7507 8008 8574 5426 6511 2892 7774 7644 7953 1485 5088 719 5735 5715 7373 5473 4343 3212 5339 377 6236 8526 9103 6771 6870 7840 6518 6032 8643 7865 8100 6464 7741 9790 4819 6459 3342 7444 677 6756 1138 2050 6484 7546 1699 9363 8506 583 684 9368 7427 7833 405 7829 6197 6651 6294 1981 2551 7915 2981 4701 2546 4790 2883 5331 1157 3202 4010 9393 5401 8342 782 2327 7429 2353 8745 1662 5637 1016 3663 5619 9753 1391 1916 9612 3227 2215 8406 7876 993 7533 8164 2909 2527 6425 940 7916 5047 9164 982 8000 6739 1881 8707 7633 490 9067 4177 2628 8632 6986 849 2589 149 1423 3031 9881 6977 3870 3815 9538 2329 2045 6797 7938 4976 3499 4649 4525 7535 1208 6887 411 5151 8983 5785 2588 184 9319 2982 5966 1126 2552 1148 7086 6698 7918 1482 4563 3664 9523 4583 9709 9355 3150 8912 7618 1211 4250 2836 2444 1311 2040 4126 198 5487 927 4151 6574 8411 8520 2008 9649 5411 8414 1494 9261 9616 8956 9913 8386 3498 2819 8782 4524 8496 7541 1870 9225 2534 7004 637 2467 9554 4537 6025 1322 5395 2131 3772 9438 1901 7612 7571 3654 1226 4918 5170 8661 9503 251 7000 3737 5476 6407 2382 9851 4768 4413 641 220 6978 8458 7625 3232 9101 6127 2431 5526 6931 1154 7788 1887 5880 464 1613 4677 515 3417 5500 4441 1144 1862 1973 9585 5037 7549 5778 5817 1236 9297 283 7096 620 3641 5979 1166 1841
