38
539 923 455 680 231 566 776 854 306 739 403 812 368 521 513 665 529 698 532 236 984 367 953 139 57 484 379 677 246 183 697 33 584 678 226 146 745 405
22
869 671 972 297 149 697 711 127 442 113 481 923 506 374 739 121 78 634 548 484 557 600
34
400 571 907 324 793 135 451 882 454 214 633 730 229 628 171 223 829 433 966 15 939 94 290 365 161 681 250 396 607 127 825 394 183 501
23
840 31 551 410 742 566 860 246 645 665 300 906 803 339 513 347 158 730 864 652 257 968 649
29
111 484 94 559 883 695 778 774 573 874 918 299 906 282 544 433 257 568 548 574 526 371 961 314 946 824 68 463 329
0
