2
1 1 1

3
1 2 3

0
1

0
-1 -1 1

0
1 -1 0

3
1 2 1 2 1

86
421 -694 647 -339 -275 -833 321 -197 -925 126 -547 905 317 571 -336 -541 -104 397 -291 384 -949 -290 -358 841 -836 -224 150 -854 -195 -870 160 -715 851 722 789 255 -171 876 846 406 285 -753 -894 -866 -111 -788 628 471 866 -569 -89 -574 -150 461 287 135 987 -189 -906 -263 -139 491 -287 360 -179 30 820 -325 -123 -178 -491 -418 -550 -579 -2 163 -969 903 -587 252 -155 368 -758 -862 -206 -328 409 129 -978 -513 -973 361 576 328 748 246 -167 878 -435 779 894 -623 -765 -848 97 -384 -317 -527 610 -832 976 -62 443 -728 -205 291 -674 -706 -84 273 188 -863 159 742 -39 -168 93 -344 -500 -340 426 -262 240 -601 -844 -151 -557 378 -243 -483 222 -121 941 -260 -82 -968 68 -200 -995 500 232 261 -794 -733 -191 849 -523 492 214 -334 -489 630 -431 875 -638 147 951 -480 -254 665 468 -464 736 -752 691 -821 -216 539 698 -999 768 -756 7 77 -127 708 -781 -199 314 690 771 790 58 711 -731 -29 -671 49 -85 969 362 524 -987 -960 566 -486 192 -898 807 -655 407 -87 174 309 485 580 -102 952 79 523 -90 -779 -983 528 636 -954 -469 577 -784 29 531 105 589 249 -792 217 363 -693 823 512 356 -248 627 -391 423 82 828 -517 -309 -536 -30 -768 -303 -801 -673 -316 921 99 -606 824 382 655 233 660 958 -979 186 335 -278 909 812 -605 5 898 200 379 463 -905 -342 490 -238 -643 734 69 189 -508 -180 556 86 -678 454 760 749 -503 920 -534 -924 777 0 -115 -560 209 -3 286 -577 453 663 520 717 415 -994 -357 -70 13 2 -132 994 -839 -324 990 -140 879 -785 668 403 545 667 -938 -37 -49 -933 -107 845 434 -437 340 -659 891 380 739 -942 588 -138 -389 348 67 -935 -555 -397 716 307 -926 310 -161 671 -409 541 993 237 -578 -750 555 -816 -143 602 -465 128 195 -395 -804 863 502 -24 190 833 913 -814 782 91 -842 -992 486 -809 437 761 260 201 -699 444 -476 -611 -257 -947 -759 -247 -67 -370 -664 495 429 536 853 -639 826 45 305 -864 -458 949 -928 -596 783 650 757 -441 -198 -542 -920 329 -512 -305 549 -783 562 -413 -423 764 -923 -590 288 -131 730 -154 -984 686 -529 -468 352 -313 -698 165 -345 -169 910 -300 184 -427 -147 -858 48 432 -57 -194 359 -742 -461 -136 553 -592 366 -780 478 -859 497 740 590 -394 276 -223 582 -301 -939 71 417 311 -156 -474 -58 -895 554 -524 -348 -739 -484 304 -405 -545 483 -273 494 658 -401 -280 -874 -443 -177 -438 607 587 -80 -744 -385 -841 -770 -232 -375 389 830 383 221 -907 -955 -554 -44 -15 525 179 439 567 925 -319 27 229 65 -47 318 709 937 280 -953 -819 -716 -346 -116 275 657 675 865 -315 -797 118 211 509 264 822 -97 638 301 124 -477 874 -499 451 -567 94 855 963 90 594 219 -233 -853 -113 -761 919 104 127 -902 723 -496 385 977 -518 643 -609 17 897 -544 391 -10 -321 -86 -559 595 -185 125 -283 73 -244 -921 940 -800 -981 -145 178 -914 215 923 631 302 710 967 -919 -399 38 -494 -482 -383 414 809 -218 44 496 -170 906 -446 -51 -837 677 -361 614 422 -695 572 -88 -628 -376 -897 819 433 -20 -22 -349 929 860 519 617 -661 102 -487 974 341 -365 -266 46 199 -604 -492 -951 989 -845 544 772 207 -847 -68 939 197 -467 204 714 -380 355 -868 -614 -552 -696 -242 848 780 563 842 770 -840 -388 292 632 80 66 885 -144 -681 981 778 108 -946 -46 262 862 551 -988 248 -626 -748 -66 781 -835 140 -504 583 -495 -734 107 -4 -470 85 299 -386 254 95 141 -460 907 -110 -615 -99 450 -35 -40 230 593 -142 -717 449 -433 -762 210 -225 169 832 793 498 -265 -515 -757 753 -235 712 370 -918 -493 -381 -312 -649 765 606 18 733 -274 -772 893 868 527 428 351 -217 -490 769 -286 -532 -135 -288 573 -209 -148 -766 298 -63 96 266 -822 666 -488 578 -239 -789 -791 475 452 -769 -478 586 613 706 438 -581 64 410 773 -855 -525 825 -440 -213 744 243 703 -158 113 810 516 -795 -959 -196 202 911 -445 535 729 642 -118 506 -497 -576 226 -948 -688 315 980 598 4 -958 213 -922 584 -974 109 -173 472 -18 347 678 242 685 -128 -520 354 -884

596
-67 928 -529 731 -890 431 530 380 255 -770 -670 373 -284 -272 987 -63 -688 67 601 54 882 -140 705 -581 -597 -400 780 781 985 767 225 40 -85 461 101 354 -850 405 -591 319 -808 330 -863 -482 138 633 71 -401 657 842 585 765 -606 509 367 854 -62 -528 -317 368 -888 360 924 -779 927 47 -897 733 773 991 140 -137 650 762 -966 -320 262 238 866 -616 -402 521 -382 -537 997 -632 -444 53 -704 -844 856 197 -335 -66 215 -366 -535 559 -103 -83 -900 -47 -338 809 -664 -466 -725 -153 -905 -451 -327 -998 -997 -929 366 -513 201 -372 417 -734 -413 -206 811 -231 2 -334 -430 -377 50 939 932 717 542 -147 611 -766 921 129 -441 -508 -836 -763 -956 -755 561 852 -656 -980 309 575 845 551 403 877 -499 -348 286 364 -187 -398 -864 -501 719 -453 301 -454 -538 -316 -815 -415 -196 -919 647 -751 -541 -277 -104 -710 -378 200 -346 24 739 3 76 -169 -353 917 379 -545 786 -655 979 374 -969 351 464 816 218 -39 60 421 180 119 -572 91 -684 62 926 553 -198 -602 516 420 42 -693 208 498 -767 -342 -847 -379 392 -247 -822 -973 36 697 -262 -554 540 -549 299 -551 141 -238 -473 271 -943 150 -172 -553 -814 32 -358 183 -879 -107 126 -199 21 177 -108 250 460 544 -960 -1 -235 641 467 453 -562 -491 959 438 -131 -922 423 -500 577 -368 370 -283 -775 -556 566 259 -547 -291 785 -173 967 -539 -834 -660 -207 820 160 -872 707 -405 209 500 791 75 808 -43 222 -170 -480 -397 -94 -224 -750 94 284 -285 446 -234 851 213 737 442 -876 173 947 439 -857 -914 -477 -422 -300 -825 716 -637 -859 964 1 104 913 337 -476 437 742 88 469 -119 85 918 -628 410 653 625 389 988 755 532 -259 635 242 -152 -935 80 -68 -226 157 -163 -694 124 179 -802 -563 -288 923 600 227 413 -944 136 7 18 -742 545 443 444 -493 -741 793 128 310 -371 -44 -746 287 -613 583 -157 377 -46 110 33 132 -990 395 873 206 687 933 169 878 674 298 396 -230 475 148 369 -411 172 -95 436 -264 147 -851 -158 -552 -938 -323 63 916 -731 640 479 -133 -558 -494 -712 -590 -428 -904 -658 569 -582 898 973 -225 619 688 525 -204 -570 -560 701 348 321 -502 -79 -878 629 429 194 872 -395 -48 546 824 -831 -438 692 390 -587 527 565 -435 -577 675 -183 704 145 -866 819 860 588 -252 -168 761 -786 -11 602 617 -752 127 -139 -7 -916 -407 639 17 -308 -959 892 425 -101 -893 925 353 79 970 749 -676 -489 291 751 -703 77 -495 -631 146 -624 -783 13 406 476 -504 894 961 70 -782 202 -341 538 511 807 -257 282 -425 98 -340 513 -749 -102 -440 419 29 72 838 268 547 745 -942 840 753 764 199 -636 415 596 -179 908 -621 462 679 -356 593 -289 971 736 636 -86 418 118 673 246 876 -845 -833 243 945 -113 -958 902 -93 685 -100 -730 -880 -52 949 -984 8 -126 805 22 -979 376 400 806 -816 -507 344 -649 594 683 -739 -192 -717 966 574 -595 -96 886 49 549 503 943 -776 365 -930 86 858 275 -424 695 -274 -744 -370 159 -683 -887 -620 304 -332 -946 727 -50 -213 835 188 174 -578 -787 -380 -899 572 -456 783 478 329 -17 984 -531 411 -641 -885 204 590 16 163 -681 -705 642 363 58 322 -689 -542 -138 934 822 -952 710 245 134 718 787 -130 887 -999 620 470 847 903 -171 -6 -37 880 320 336 -740 -618 496 435 219 -58 441 -911 -522 -608 950 269 318 -682 -894 870 936 591 270 -392 -768 515 702 350 775 -475 914 -659 -33 -691 490 609 144 825 -972 906 -326 723 45 -32 632 293 -886 -142 -354 -950 -222 153 -617 473 -933 -197 618 713 831 615 760 -302 -16 -236 -76 -828 -35 211 -15 295 114 -71 349 31 -698 875 974 -154 522 628 -724 -638 -680 -431 162 307 -467 -707 217 -665 912 65 308 958 -673 678 969 -443 48 489 340 -525 993 375 582 -123 495 -417 288 -650 463 347 -882 -709 -622 -116 472 756 -432 466 -953 248 239 -868 28 189 226 -215 777 -799 -299 190 -557 198 -180 -536 -635 -350 -186 514 171 -801 315 826 297 -75 -57 64 -365 116 -619

-3114
133 -326 643 977 -13 113 -988 -2 -521 -36 879 145 -546 -959 4 -626 243 -655 809 282 283 69 -244 -519 -744 -181 -116 650 -313 860 523 463 -580 974 11 -176 880 26 -298 -875 -831 -372 445 -470 -544 -115 -689 110 63 -571 862 85 -772 -101 -980 109 825 -632 -429 360 -651 -204 151 -656 -177 -662 355 829 -756 661 202 183 938 98 906 -482 429 -604 735 -839 250 233 -98 351 968 -790 665 559 -837 904 -3 573 -153 776 -793 -245 584 -990 743 242 560 -935 777 79 -150 -292 -108 868 -614 -259 -671 -60 -892 -430 -721 -205 364 -728 838 493 9 440 105 -21 -647 -715 -650 623 333 -8 -255 769 119 174 887 582 168 -878 103 -919 -698 16 640 -229 -684 -248 -921 307 757 580 -67 313 222 -822 -894 90 579 794 72 -757 -559 -296 677 215 -405 334 497 -739 -384 349 -85 -139 -714 -357 712 -465 -962 328 -890 234 -33 -835 357 810 -649 -631 -488 795 -566 -375 -554 428 -520 -453 81 -784 552 -355 876 385 354 607 534 462 -140 374 -14 501 -127 196 -627 571 -279 -178 -685 827 -129 -816 -876 450 979 -337 -335 118 173 330 833 -459 -200 -576 -191 -963 376 936 165 771 -352 -290 -45 919 -923 149 -425 465 -570 -591 -975 338 341 -912 -915 -87 -232 -639 -236 305 909 120 53 -700 -896 197 160 -383 -495 -48 -568 512 482 -823 -276 -725 434 -413 -768 408 -713 -583 218 -271 792 732 786 83 745 238 -371 -466 980 -933 592 66 -906 846 746 366 -114 311 -686 281 322 268 555 -373 476 211 -324 318 214 653 93 -867 95 -984 -922 -166 911 -182 -321 -1000 -359 49 457 813 -932 381 432 -818 -400 511 603 30 -253 -976 27 598 -733 52 232 -908 -96 244 652 199 -746 426 92 -78 -410 556 646 830 978 692 775 703 -807 407 309 803 539 60 401 20 -815 629 -341 255 918 750 -135 -56 948 -993 923 -913 -392 -72 -80 -304 565 -496 474 -898 -272 -773 672 -891 -799 -168 480 -747 -563 706 456 475 204 227 216 164 41 928 -423 430 890 -687 61 -934 375 872 -241 -893 22 -442 -334 -854 470 913 754 -238 -730 301 658 -263 -575 477 -408 831 167 594 80 -462 934 230 18 -825 -202 -243 -151 2 -29 -851 508 -658 499 -130 148 -586 -198 -777 353 -692 -776 649 -231 314 761 -771 -722 -291 126 -982 -507 543 -781 -389 733 -412 361 807 -273 346 -810 -985 -695 789 -981 -522 -404 742 -369 -536 -344 -455 -457 -628 -159 252 765 411 468 -43 -731 -791 -669 -590 -620 84 -46 452 954 -853 983 -118 -171 -850 -858 967 966 207 -871 -89 -764 597 -366 -277 274 546 -840 626 107 -740 67 327 -548 894 -991 -881 -942 131 -595 -481 -509 246 -581 -346 187 553 667 -866 447 -512 924 -637 -788 -516 874 930 35 -960 522 467 -233 -901 -107 97 -388 -704 927 655 986 -550 91 -523 624 840 -674 297 -351 905 791 -120 175 -417 -110 6 908 483 -691 728 -256 -197 -661 784 961 -596 -629 955 -745 -857 -724 287 365 685 373 760 866 -763 -83 176 -938 461 642 595 -678 -809 -953 734 691 676 212 -38 503 628 -240 -68 780 217 848 942 -672 -751 521 -996 -605 820 -905 -644 -331 46 778 785 153 -946 891 -221 -663 235 -598 -454 -381 -558 -401 -411 -349 976 319 -81 195 -541 -361 -226 907 130 800 718 811 -219 -950 952 666 -301 321 -300 849 -391 7 -71 395 -458 -806 -877 -907 772 -502 -819 -817 -587 343 -682 -497 82 -735 -937 -469 -199 920 -753 -826 -636 -697 316 -264 694 -949 971 472 550 -451 -966 398 788 -295 622 -156 -732 -356 -100 -643 -420 226 -738 -786 695 240 -943 -973 -4 -223 -308 710 -195 -612 939 177 -539 261 -302 17 -345 -707 -396 236 192 -215 -109 -418 801 129 -297 -340 -929 -859 185 62 194 285 -852 348 -501 422 460 320 21 -103 -766 -131 835 421 697 656 -121 996 717 704 798 916 -284 383 707 926 -374 -780 -57 -664 814 -979 -59 402 247 572 180 -718 -646 570 -11 843 816 -564 900 406 435 -473 587 42 -847 877 5 -431 -86 583 -246 -92 549 659 -634 -755 380 678 -213 -393 277 701 -551 510 -601 -354 720 -222 427 562 -865 -699 396 700 264 -27 -864 -58 -624 416 325 -165 -654 -483 799 581 -717
