1 6
1 -3 4

-4 5
3 -4 5 1 -2

-83297 63538
53121 38601 47753

-59555 37838
-16932 -30126 -12392 96711 100 -80740 -11928 -3240 79817 -70488 68539 -74173 -1824 -794 -352 -313 -1360 34511 7588 -6492 25080 -15805 -33909 -8844 56651 -10075 19107 13374 -80445 -700 -27 -70 -2 92278 -56306 -24791 29034 31012 -62202 -6639 -595 -276 -1071 -204 35327 56961 -15714 18659 1652 -95125 88605 -38519 -19823 -5972 1738 -27693 -60 57234 -46444 51757 -12323 43168 -65247 44118 -35713 -34757 -164 -770 26447 -22149 -1714 -2530 -276 -246 -441 -105 93901 -11586 12066 1463 -25148 -40643 38912 675 -58390 -5218 -3149 -2140 -131 -552 -29 -115 -36 -2 -1 0 7140 -2432 28864 -33428 -71 -35 -4 -10 -19 0 0 -4 -1 79710 8964 -73320 -11062 -1893 -1589 38490 -2241 -3705 -21819 51198 -30927 -7568 -1132 62646 -28864 -42040 -12654 -1179 -818 -163 -32 0 74808 6946 4937 2998 -10935 -48103 -3372 -16401 81064 -83492 12794 -7713 -12114 40687 43819 -11036 -5654 16092 -47728 -7405 50702 -2942 18837 -23146 2508 -18815 -38232 23776 28559 -2813 16571 11182 -15639 -12667 24530 3445 -48381 -46209 -1225 -119 31315 -1878 37417 -9099 31008 -41530 -14571 -10234 52683 -72279 -2748 1023 -168 -1031 -17 -3 86902 -29213 1779 -45190 -13598 -663 -15 64162 19264 -1396 -49314 -24634 7431 -5650 -3027 85233 -81486 -7041 -2926 -249 -82 95875 -60967 -15303 -3373 -6922 -4202 -3003 -1355 48348 -1182 -44968 35551 -17748 -20754 -227 53509 6639 34187 -19181 -31209 41656 6590 -78682 -7888 -1126 -2551 -708 13703 -6854 -7062 24747 -10293 -13007 29204 17012 -965 15155 13658 -75130 64192 -58196 32255 -24906 69628 -44785 -22842 -16443 -350 -11 -6 0 -1 53368 -51737 -318 -1123 -131 -38 -3 48254 -13615 -20276 43056 -11493 -43916 -1783 -173 62845 25734 -51473 -35442 -748 50774 -4833 -21604 36764 -30987 -17258 -9718 -2248 73221 -21720 -37573 32926 -7952 50746 -9555 -38827 24723 8776 2781 -77023 -79 18218 -4295 -5232 61261 -12867 -32172 -12598 -4812 -1910 -7269 -128 -238 -114 -134 25196 -24871 -328 7033 9857 43482 -5907 -15093 2961 -35932 42494 26512 -49711 -16301 68184 8087 -60447 -3899 -15041 -3508 -1914 52397 -16610 10938 13388 -50594 -5731 -3739 85827 3712 1204 -62799 -8204 -8917 67764 17011 -85115 -1867 -4811 -2266 19477 -12806 75109 -58517 41759 -26650 -9191 53219 -59912 -17517 -2227 42985 -25812 -12996 24358 -14426 -5612 34669 -41553 -5542 -866 83523 -18679 -15510 46592 155 -55673 -10241 -6016 -13871 48883 -10462 -39733 68518 -25554 -33714 -7447 5020 -6398 73298 3880 -16571 -9259 -19144 -23331 -16049 7397 -6489 35218 -24007 -9492 -2351 -2369 -12 39303 27076 28425 -94855 -413 78650 1788 -2479 -18634 -47293 -912 52005 34139 -33525 -6034 -43534 59360 21316 -50772 -9934 36781 1693 -8272 -19267 28049 -18789 -44754 -9107 -513 -7 14990 7687 65997 -65748 8471 -29500 71422 -62831 -6598 -3100 1648 -1979 36848 48887 -1676 9783 1728 -84511 -972 -3104 70863 10401 -18442 -67361 17251 35139 15093 12047 -53613 -20000 44422 -43408 -5564 -2738 -148 -712 -59 -403 -214 14049 -13727 -87 -216 48799 -27978 -2786 -3623 -4021 79222 -55751 31622 20664 -29870 -45682 -4106 -4052 -2307 72223 -43906 34248 20024 -19392 -54646 57152 -52303 -17 -10426 -662 4508 -3849 -562 -2087

-85392 58356
56683 -15194 8890 -40147 -31479 -63645 5397 78635 -7400 -48184 46852 -71527 35868 61602 5517 -14502 10731 -2077 3949 -50990 -39535 23438 31115 71643 -27781 -25846 -81034 71742 -65447 74492 28518 919 22008 1025 -60265 -76941 63436 -30585 39916 38166 -10714 -68541 14345 63947 -16512 -46199 4692 39566 -85481 32277 -20781 -4443 62812 24543 36211 -31148 3640 22742 -84076 -21831 8835 18827 40244 2602 -70579 -6173 -4837 90027 -64427 93596 -51858 49476 -78213 24567 -7835 31493 -74322 -4439 89835 -92685 -13180 44210 3990 55988 -66846 88545 -23664 -30766 -39090 91283 -87667 23226 62709 -99319 58383 -71217 52496 36006 10985 -27415 17510 15359 -55340 10568 55485 4309 -42456 -58055 -11520 -11576 37303 46087 -22065 -22883 53437 -42356 -50753 20515 27870 7308 -2798 38376 -15985 37086 -30579 -7042 -28414 79915 -88358 -43869 68392 18309 29455 -76527 -6951 70596 -73036 91694 3550 -93928 8337 50995 40407 -22037 -94515 18171 71786 -15991 -43946 -10570 41843 53956 -45986 -31772 -14763 57589 -68251 85855 -50171 51807 -22499 -18177 983 35149 -56907 25183 -21783 -10800 75356 -59740 11399 -56756 90303 29099 -64568 23446 -56606 65018 -75390 39513 -61478 51187 -49006 43972 32939 -22828 5415 31329 -4858 -8748 42338 -44350 30640 3665 -70476 88974 -86731 48392 6179 -8473 37473 -29313 -79420 93525 -45476 -15611 -7814 -44603 -10426 27896 19127 17899 11413 1553 -40474 11786 -34581 77772 -25445 32942 -45217 -39014 77146 11829 29488 149 -1841 4234 -84221 42467 23814 9281 -58474 23389 -65278 13501 93602 -5830 -61546 74705 -5337 -36019 -12806 -57733 13283 91275 -90644 14748 -4328 86087 -99883 31038 -44088 57373 -15078 -45416 36324 68918 -61654 -39173 63270 -19524 -53381 64617 -57842 37218 52528 -92202 7440 93013 17317 -40338 -5410 12341 4928 -54058 79336 -13730 -70505 -36423 81407 -50045 555 79565 -90354 -19273 23242 30729 20116 17644 13425 -33175 12049 -21155 8543 -88283 26151 29771 9760 -38435 43805 30803 -67933 43809 59481 -24118 586 -36712 16718 -11313 43119 -36296 -32231 10900 -22272 23480 -5269 20031 -53310 83899 13940 -55744 -47497 54902 44363 -70617 14328 53704 -18746 19332 -70105 -54105 90535 -12672 55056 -52482 -42842 97335 -92329 -15569 -10077 96739 -35681 -28833 88095 -20642 -69146 77164 8793 -52328 40108 -95707 -16554 21267 67198 -24799 20617 23785 -70834 38337 52828 -34052 7945 23498 -99753 9418 42334 -83731 14502 12744 -13283 82799 21078 -1422 -81513 78203 -73888 -38663 19776 64451 41573 -85603 71141 25092 -56917 -72064 14339 17902 85923 -5049 1553 -83470 85053 -78289 84548 -71738 51493 -87283 42421 15336 -44832 -38592 63098 24768 -39717 -3343 9930 -40201 36419 -43000 93220 31794 620 -44166 -56550 61091 -51346 3076 -16758 36234 31924 -67358 -24811 65474 3520 13314 -67707 92093 -31183 -13306 17057 28619 -37101 -39342 61947 -42623 -32630 1228 -7502 74050 -27018 10191 -57637 30700 -39895 93173 -79618 77474 -26942 -34729 49742 -2397 -20817 -14614 63414 18309 904 7121 -96920 -38719 74514 -65951 21452 1870 9488 49552 39837 -72839 71902 -14350 -38154 38908 -93190 89187 -78461 39815 56712 -12152 -54110 53796 -53924 31923 -93668 29213 88574 -47707 -30868 -5643 65888 16450 -61883 14383 43497 -74285 35731 -39633 9291 76010 -36680 50654 2706 -39940 -76045 47961 46607 15839 -43158 8425 -34634 39002 29735 -35415 -9617 -29736 -10152 89179 -26147 -77533 83976 -43035 -15139 -13561 21614 -30531 59902 -91310 16560 72710 -93023 18396 38828 49025 22167 -76319 -52737 13844 4914 62425 56793 -296 -80651 -13621 94741 -84855 -38882 -7845 13406 -18829 20544 59572 53596 -1916 -32175 -47687 25424 44048 -66239 102 -42771 -17471 39374 15456 -27415 72187 -64473 15013 4946 32892 -83521 33457 1778 -3057 69706 10440 -50441 64676 -7172 -66466 -36881 98609 -30086 -32528 -33153 2499 97362 6163 -75738 81084 -13337 -72006 -48066 33187 15977 -42988 43700 89278 -4623 -34127 -39523 -13743
